5E
0
29
        6A
4E
        CA
5E
0
29
        A
4E
        A
        12
        3D
        DE
        FC
2E
12
3D
DE
FC
0
0
0
0
        A
E
        A
        12
        3D
        DE
        FC
        30
        0
        87
        8
        0
        0
        0
        0
        0
        0
        0
        AA
        0
        0
        0
        0
        0
        0
        0
        0
        0
        0
        0
        0
        0
        0
        0
        0
        0
        0
        0
        0
        0
        0
        0
        0
        0
        0
        0
        0
        0
        0
        0
        0
        0
        0
        0
        0
        0
        0
        0
        0
        0
        0
        0
        0
        0
        0
        0
        0
        0
        0
        0
        0
        0
        0
        0
        0
        0
        0
        0
        0
        0
        0
        0
        0
        0
        0
        0
        0
        0
        0
        0
        0
        0
        0
        0
        0
        0
        0
        0
        0
        0
        0
        0
        0
        0
        0
        0
        0
        0
        0
        0
        0
        0
        0
        0
        0
        0
        0
        0
        0
        0
        0
        0
        0
        0
        0
        0
        0
        0
        0
        0
        0
5E
80
0
        A
5E
0
29
        6A
4E
        CA
5E
0
29
        A
4E
        A
        12
        3D
        DE
        FC
2E
12
3D
DE
FC
18
65
5B
15
        A
E
        A
        12
        3D
        DE
        FC
        30
        0
        87
        8
        0
        0
        0
        0
        5
        40
        0
        AA
        0
        E2
        FF
        FF
        0
        0
        64
        21
        0
        D
        0
        7
        0
        0
        0
        1
        0
        0
        0
        0
        0
        0
        0
        0
        0
        0
        0
        0
        23
        FF
        FF
        FF
        0
        0
        0
        0
        0
        0
        0
        0
        0
        0
        0
        0
        0
        0
        0
        0
        0
        0
        0
        0
        0
        0
        0
        0
        0
        0
        0
        0
        0
        0
        0
        0
        0
        0
        0
        0
        0
        0
        0
        0
        0
        0
        0
        0
        0
        0
        0
        0
        0
        0
        0
        0
        0
        0
        0
        0
        0
        0
        0
        0
        0
        0
        0
        0
        0
        0
        0
        0
        0
        0
        0
        0
        0
        0
        0
        0
        0
        0
        0
        0
5E
80
0
        A
5E
0
29
        6A
4E
        CA
5E
0
29
        A
4E
        A
        12
        3D
        DE
        FC
2E
12
3D
DE
FC
0
0
0
0
        A
E
        A
        12
        3D
        DE
        FC
        30
        0
        87
        8
        0
        0
        0
        0
        0
        0
        0
        AA
        0
        0
        0
        0
        0
        0
        0
        0
        0
        0
        0
        0
        0
        0
        0
        0
        0
        0
        0
        0
        0
        0
        0
        0
        0
        0
        0
        0
        0
        0
        0
        0
        0
        0
        0
        0
        0
        0
        0
        0
        0
        0
        0
        0
        0
        0
        0
        0
        0
        0
        0
        0
        0
        0
        0
        0
        0
        0
        0
        0
        0
        0
        0
        0
        0
        0
        0
        0
        0
        0
        0
        0
        0
        0
        0
        0
        0
        0
        0
        0
        0
        0
        0
        0
        0
        0
        0
        0
        0
        0
        0
        0
        0
        0
        0
        0
        0
        0
        0
        0
        0
        0
        0
        0
        0
        0
        0
        0
        0
        0
        0
        0
5E
80
0
        A
5E
0
29
        6A
4E
        CA
5E
0
29
        A
4E
        A
        12
        3D
        DE
        FC
2E
12
3D
DE
FC
18
65
5B
15
        A
E
        A
        12
        3D
        DE
        FC
        30
        0
        87
        8
        0
        0
        0
        0
        5
        40
        0
        AA
        0
        E2
        FF
        FF
        0
        0
        64
        21
        0
        D
        0
        7
        0
        0
        0
        1
        0
        0
        0
        0
        0
        0
        0
        0
        0
        0
        0
        0
        23
        FF
        FF
        FF
        0
        0
        0
        0
        0
        0
        0
        0
        0
        0
        0
        0
        0
        0
        0
        0
        0
        0
        0
        0
        0
        0
        0
        0
        0
        0
        0
        0
        0
        0
        0
        0
        0
        0
        0
        0
        0
        0
        0
        0
        0
        0
        0
        0
        0
        0
        0
        0
        0
        0
        0
        0
        0
        0
        0
        0
        0
        0
        0
        0
        0
        0
        0
        0
        0
        0
        0
        0
        0
        0
        0
        0
        0
        0
        0
        0
        0
        0
        0
        0
5E
80
0
        A
5E
0
29
        6A
4E
        CA
5E
0
29
        A
4E
        A
        12
        3D
        DE
        FC
2E
12
3D
DE
FC
0
0
0
0
        A
E
        A
        12
        3D
        DE
        FC
        30
        0
        87
        8
        0
        0
        0
        0
        0
        0
        0
        AA
        0
        0
        0
        0
        0
        0
        0
        0
        0
        0
        0
        0
        0
        0
        0
        0
        0
        0
        0
        0
        0
        0
        0
        0
        0
        0
        0
        0
        0
        0
        0
        0
        0
        0
        0
        0
        0
        0
        0
        0
        0
        0
        0
        0
        0
        0
        0
        0
        0
        0
        0
        0
        0
        0
        0
        0
        0
        0
        0
        0
        0
        0
        0
        0
        0
        0
        0
        0
        0
        0
        0
        0
        0
        0
        0
        0
        0
        0
        0
        0
        0
        0
        0
        0
        0
        0
        0
        0
        0
        0
        0
        0
        0
        0
        0
        0
        0
        0
        0
        0
        0
        0
        0
        0
        0
        0
        0
        0
        0
        0
        0
        0
5E
80
0
        A
5E
0
29
        6A
4E
        CA
5E
0
29
        A
4E
        A
        12
        3D
        DE
        FC
2E
12
3D
DE
FC
18
65
5B
15
        A
E
        A
        12
        3D
        DE
        FC
        30
        0
        87
        8
        0
        0
        0
        0
        5
        40
        0
        AA
        0
        E2
        FF
        FF
        0
        0
        64
        21
        0
        D
        0
        7
        0
        0
        0
        1
        0
        0
        0
        0
        0
        0
        0
        0
        0
        0
        0
        0
        23
        FF
        FF
        FF
        0
        0
        0
        0
        0
        0
        0
        0
        0
        0
        0
        0
        0
        0
        0
        0
        0
        0
        0
        0
        0
        0
        0
        0
        0
        0
        0
        0
        0
        0
        0
        0
        0
        0
        0
        0
        0
        0
        0
        0
        0
        0
        0
        0
        0
        0
        0
        0
        0
        0
        0
        0
        0
        0
        0
        0
        0
        0
        0
        0
        0
        0
        0
        0
        0
        0
        0
        0
        0
        0
        0
        0
        0
        0
        0
        0
        0
        0
        0
        0
5E
80
0
        A
