5E
0
29
        6A
4E
        CA
5E
0
29
        A
4E
        A
        10
        CC
        E1
        B2
2E
10
CC
E1
B2
0
0
0
0
        A
E
        A
        10
        CC
        E1
        B2
        14
        0
        81
        81
        0
        0
        0
        0
        0
        0
        0
        AA
        0
        0
        0
        0
        0
        0
        0
        0
        0
        0
        0
        0
        0
        0
        0
        0
        0
        0
        0
        0
        0
        0
        0
        0
        0
        0
        0
        0
        0
        0
        0
        0
        0
        0
        0
        0
        0
        0
        0
        0
        0
        0
        0
        0
        0
        0
        0
        0
        0
        0
        0
        0
        0
        0
        0
        0
        0
        0
        0
        0
        0
        0
        0
        0
        0
        0
        0
        0
        0
        0
        0
        0
        0
        0
        0
        0
        0
        0
        0
        0
        0
        0
        0
        0
        0
        0
        0
        0
        0
        0
        0
        0
        0
        0
        0
        0
        0
        0
        0
        0
        0
        0
        0
        0
        0
        0
        0
        0
        0
        0
        0
        0
5E
80
0
        A
5E
0
29
        6A
4E
        CA
5E
0
29
        A
4E
        A
        10
        CC
        E1
        B2
2E
10
CC
E1
B2
E8
67
CB
15
        A
E
        A
        10
        CC
        E1
        B2
        14
        0
        81
        81
        0
        0
        0
        0
        5
        40
        0
        AA
        0
        0
        0
        0
        0
        0
        11
        18
        3
        FF
        3
        FF
        0
        13
        0
        1
        0
        1
        0
        0
        0
        0
        0
        0
        0
        0
        0
        D
        23
        FF
        FF
        FF
        0
        0
        0
        0
        0
        0
        0
        0
        0
        0
        0
        0
        0
        0
        0
        0
        0
        0
        0
        0
        0
        0
        0
        0
        0
        0
        0
        0
        0
        0
        0
        0
        0
        0
        0
        0
        0
        0
        0
        0
        0
        0
        0
        0
        0
        0
        0
        0
        0
        0
        0
        0
        0
        0
        0
        0
        0
        0
        0
        0
        0
        0
        0
        0
        0
        0
        0
        0
        0
        0
        0
        0
        0
        0
        0
        0
        0
        0
        0
        0
5E
80
0
        A
5E
0
29
        6A
4E
        CA
5E
0
29
        A
4E
        A
        10
        CC
        E1
        B2
2E
10
CC
E1
B2
0
0
0
0
        A
E
        A
        10
        CC
        E1
        B2
        14
        0
        81
        81
        0
        0
        0
        0
        0
        0
        0
        AA
        0
        0
        0
        0
        0
        0
        0
        0
        0
        0
        0
        0
        0
        0
        0
        0
        0
        0
        0
        0
        0
        0
        0
        0
        0
        0
        0
        0
        0
        0
        0
        0
        0
        0
        0
        0
        0
        0
        0
        0
        0
        0
        0
        0
        0
        0
        0
        0
        0
        0
        0
        0
        0
        0
        0
        0
        0
        0
        0
        0
        0
        0
        0
        0
        0
        0
        0
        0
        0
        0
        0
        0
        0
        0
        0
        0
        0
        0
        0
        0
        0
        0
        0
        0
        0
        0
        0
        0
        0
        0
        0
        0
        0
        0
        0
        0
        0
        0
        0
        0
        0
        0
        0
        0
        0
        0
        0
        0
        0
        0
        0
        0
5E
80
0
        A
5E
0
29
        6A
4E
        CA
5E
0
29
        A
4E
        A
        10
        CC
        E1
        B2
2E
10
CC
E1
B2
E8
67
CB
15
        A
E
        A
        10
        CC
        E1
        B2
        14
        0
        81
        81
        0
        0
        0
        0
        5
        40
        0
        AA
        0
        0
        0
        0
        0
        0
        11
        18
        3
        FF
        3
        FF
        0
        13
        0
        1
        0
        1
        0
        0
        0
        0
        0
        0
        0
        0
        0
        D
        23
        FF
        FF
        FF
        0
        0
        0
        0
        0
        0
        0
        0
        0
        0
        0
        0
        0
        0
        0
        0
        0
        0
        0
        0
        0
        0
        0
        0
        0
        0
        0
        0
        0
        0
        0
        0
        0
        0
        0
        0
        0
        0
        0
        0
        0
        0
        0
        0
        0
        0
        0
        0
        0
        0
        0
        0
        0
        0
        0
        0
        0
        0
        0
        0
        0
        0
        0
        0
        0
        0
        0
        0
        0
        0
        0
        0
        0
        0
        0
        0
        0
        0
        0
        0
5E
80
0
        A
5E
0
29
        6A
4E
        CA
5E
0
29
        A
4E
        A
        10
        CC
        E1
        B2
2E
10
CC
E1
B2
0
0
0
0
        A
E
        A
        10
        CC
        E1
        B2
        14
        0
        81
        81
        0
        0
        0
        0
        0
        0
        0
        AA
        0
        0
        0
        0
        0
        0
        0
        0
        0
        0
        0
        0
        0
        0
        0
        0
        0
        0
        0
        0
        0
        0
        0
        0
        0
        0
        0
        0
        0
        0
        0
        0
        0
        0
        0
        0
        0
        0
        0
        0
        0
        0
        0
        0
        0
        0
        0
        0
        0
        0
        0
        0
        0
        0
        0
        0
        0
        0
        0
        0
        0
        0
        0
        0
        0
        0
        0
        0
        0
        0
        0
        0
        0
        0
        0
        0
        0
        0
        0
        0
        0
        0
        0
        0
        0
        0
        0
        0
        0
        0
        0
        0
        0
        0
        0
        0
        0
        0
        0
        0
        0
        0
        0
        0
        0
        0
        0
        0
        0
        0
        0
        0
5E
80
0
        A
5E
0
29
        6A
4E
        CA
5E
0
29
        A
4E
        A
        10
        CC
        E1
        B2
2E
10
CC
E1
B2
E8
67
CB
15
        A
E
        A
        10
        CC
        E1
        B2
        14
        0
        81
        81
        0
        0
        0
        0
        5
        40
        0
        AA
        0
        0
        0
        0
        0
        0
        11
        18
        3
        FF
        3
        FF
        0
        13
        0
        1
        0
        1
        0
        0
        0
        0
        0
        0
        0
        0
        0
        D
        23
        FF
        FF
        FF
        0
        0
        0
        0
        0
        0
        0
        0
        0
        0
        0
        0
        0
        0
        0
        0
        0
        0
        0
        0
        0
        0
        0
        0
        0
        0
        0
        0
        0
        0
        0
        0
        0
        0
        0
        0
        0
        0
        0
        0
        0
        0
        0
        0
        0
        0
        0
        0
        0
        0
        0
        0
        0
        0
        0
        0
        0
        0
        0
        0
        0
        0
        0
        0
        0
        0
        0
        0
        0
        0
        0
        0
        0
        0
        0
        0
        0
        0
        0
        0
5E
80
0
        A
